0 0
1 0
2 0
3 0
4 0
5 0
6 0
7 0
8 0
9 0
10 0
11 0
12 0
13 0
14 0
15 0
16 0
17 19
18 19
19 19
20 19
21 21
22 25
23 25
24 36
25 38
26 40
27 44
28 44
29 46
30 46
31 57
32 61
33 63
34 65
35 65
36 65
37 71
38 82
39 82
40 82
41 84
42 90
43 90
44 90
45 103
46 103
47 107
48 107
49 109
50 111
51 111
52 126
53 128
54 128
55 128
56 128
57 134
58 136
59 147
60 147
61 149
62 153
63 153
64 153
65 155
66 168
67 172
68 172
69 174
70 174
71 174
72 178
73 191
74 193
75 193
76 193
77 199
78 199
79 199
80 210
81 212
82 218
83 218
84 218
85 220
86 220
87 235
88 235
89 237
90 239
91 239
92 243
93 245
94 256
95 256
96 256
97 262
98 264
99 264
100 264
101 277
102 281
103 281
104 281
105 283
106 285
107 289
108 300
109 302
110 302
111 302
112 306
113 308
114 310
115 321
116 321
117 327
118 327
119 327
120 327
121 329
122 346
123 346
124 346
125 348
126 348
127 352
128 352
129 365
130 367
131 367
132 371
133 373
134 373
135 373
136 384
137 390
138 392
139 392
140 392
141 394
142 398
143 409
144 409
145 411
146 413
147 417
148 417
149 419
150 430
151 430
152 434
153 436
154 438
155 438
156 438
157 455
158 455
159 455
160 455
161 457
162 463
163 463
164 474
165 476
166 476
167 480
168 480
169 482
170 484
171 495
172 499
173 501
174 501
175 501
176 501
177 507
178 520
179 520
180 520
181 522
182 526
183 526
184 526
185 539
186 541
187 545
188 545
189 547
190 547
191 547
192 562
193 564
194 566
195 566
196 566
197 572
198 572
199 583
200 583
201 585
202 591
203 591
204 591
205 593
206 604
207 608
208 608
209 610
210 612
211 612
212 616
213 629
214 629
215 629
216 629
217 635
218 637
219 637
220 648
221 650
222 654
223 654
224 654
225 656
226 658
227 673
228 673
229 675
230 675
231 675
232 679
233 681
234 694
235 694
236 694
237 700
238 700
239 700
240 700
241 713
242 719
243 719
244 719
245 721
246 721
247 725
248 736
249 738
250 740
251 740
252 744
253 746
254 746
255 757
256 757
257 763
258 765
259 765
260 765
261 767
262 782
263 782
264 782
265 784
266 786
267 790
268 790
269 803
270 803
271 803
272 807
273 809
274 811
275 811
276 822
277 828
278 828
279 828
280 828
281 830
282 836
283 847
284 847
285 849
286 849
287 853
288 853
289 855
290 868
291 868
292 872
293 874
294 874
295 874
296 874
297 891
298 893
299 893
300 893
301 895
302 899
303 899
304 910
305 912
306 914
307 918
308 918
309 920
310 920
311 931
312 935
313 937
314 939
315 939
316 939
317 945
318 956
319 956
320 956
321 958
322 964
323 964
324 964
325 977
326 977
327 981
328 981
329 983
330 985
331 985
332 1000
333 1002
334 1002
335 1002
336 1002
337 1008
338 1010
339 1021
340 1021
341 1023
342 1027
343 1027
344 1027
345 1029
346 1042
347 1046
348 1046
349 1048
350 1048
351 1048
352 1052
353 1065
354 1067
355 1067
356 1067
357 1073
358 1073
359 1073
360 1084
361 1086
362 1092
363 1092
364 1092
365 1094
366 1094
367 1109
368 1109
369 1111
370 1113
371 1113
372 1117
373 1119
374 1130
375 1130
376 1130
377 1136
378 1138
379 1138
380 1138
381 1151
382 1155
383 1155
384 1155
385 1157
386 1159
387 1163
388 1174
389 1176
390 1176
391 1176
392 1180
393 1182
394 1184
395 1195
396 1195
397 1201
398 1201
399 1201
400 1201
401 1203
402 1220
403 1220
404 1220
405 1222
406 1222
407 1226
408 1226
409 1239
410 1241
411 1241
412 1245
413 1247
414 1247
415 1247
416 1258
417 1264
418 1266
419 1266
420 1266
421 1268
422 1272
423 1283
424 1283
425 1285
426 1287
427 1291
428 1291
429 1293
430 1304
431 1304
432 1308
433 1310
434 1312
435 1312
436 1312
437 1329
438 1329
439 1329
440 1329
441 1331
442 1337
443 1337
444 1348
445 1350
446 1350
447 1354
448 1354
449 1356
450 1358
451 1369
452 1373
453 1375
454 1375
455 1375
456 1375
457 1381
458 1394
459 1394
460 1394
461 1396
462 1400
463 1400
464 1400
465 1413
466 1415
467 1419
468 1419
469 1421
470 1421
471 1421
472 1436
473 1438
474 1440
475 1440
476 1440
477 1446
478 1446
479 1457
480 1457
481 1459
482 1465
483 1465
484 1465
485 1467
486 1478
487 1482
488 1482
489 1484
490 1486
491 1486
492 1490
493 1503
494 1503
495 1503
496 1503
497 1509
498 1511
499 1511
500 1522
501 1524
502 1528
503 1528
504 1528
505 1530
506 1532
507 1547
508 1547
509 1549
510 1549
511 1549
512 1553
513 1555
514 1568
515 1568
516 1568
517 1574
518 1574
519 1574
520 1574
521 1587
522 1593
523 1593
524 1593
525 1595
526 1595
527 1599
528 1610
529 1612
530 1614
531 1614
532 1618
533 1620
534 1620
535 1631
536 1631
537 1637
538 1639
539 1639
540 1639
541 1641
542 1656
543 1656
544 1656
545 1658
546 1660
547 1664
548 1664
549 1677
550 1677
551 1677
552 1681
553 1683
554 1685
555 1685
556 1696
557 1702
558 1702
559 1702
560 1702
561 1704
562 1710
563 1721
564 1721
565 1723
566 1723
567 1727
568 1727
569 1729
570 1742
571 1742
572 1746
573 1748
574 1748
575 1748
576 1748
577 1765
578 1767
579 1767
580 1767
581 1769
582 1773
583 1773
584 1784
585 1786
586 1788
587 1792
588 1792
589 1794
590 1794
591 1805
592 1809
593 1811
594 1813
595 1813
596 1813
597 1819
598 1830
599 1830
600 1830
601 1832
602 1838
603 1838
604 1838
605 1851
606 1851
607 1855
608 1855
609 1857
610 1859
611 1859
612 1874
613 1876
614 1876
615 1876
616 1876
617 1882
618 1884
619 1895
620 1895
621 1897
622 1901
623 1901
624 1901
625 1903
626 1916
627 1920
628 1920
629 1922
630 1922
631 1922
632 1926
633 1939
634 1941
635 1941
636 1941
637 1947
638 1947
639 1947
640 1958
641 1960
642 1966
643 1966
644 1966
645 1968
646 1968
647 1983
648 1983
649 1985
650 1987
651 1987
652 1991
653 1993
654 2004
655 2004
656 2004
657 2010
658 2012
659 2012
660 2012
661 2025
662 2029
663 2029
664 2029
665 2031
666 2033
667 2037
668 2048
669 2050
670 2050
671 2050
672 2054
673 2056
674 2058
675 2069
676 2069
677 2075
678 2075
679 2075
680 2075
681 2077
682 2094
683 2094
684 2094
685 2096
686 2096
687 2100
688 2100
689 2113
690 2115
691 2115
692 2119
693 2121
694 2121
695 2121
696 2132
697 2138
698 2140
699 2140
700 2140
701 2142
702 2146
703 2157
704 2157
705 2159
706 2161
707 2165
708 2165
709 2167
710 2178
711 2178
712 2182
713 2184
714 2186
715 2186
716 2186
717 2203
718 2203
719 2203
720 2203
721 2205
722 2211
723 2211
724 2222
725 2224
726 2224
727 2228
728 2228
729 2230
730 2232
731 2243
732 2247
733 2249
734 2249
735 2249
736 2249
737 2255
738 2268
739 2268
740 2268
741 2270
742 2274
743 2274
744 2274
745 2287
746 2289
747 2293
748 2293
749 2295
750 2295
751 2295
752 2310
753 2312
754 2314
755 2314
756 2314
757 2320
758 2320
759 2331
760 2331
761 2333
762 2339
763 2339
764 2339
765 2341
766 2352
767 2356
768 2356
769 2358
770 2360
771 2360
772 2364
773 2377
774 2377
775 2377
776 2377
777 2383
778 2385
779 2385
780 2396
781 2398
782 2402
783 2402
784 2402
785 2404
786 2406
787 2421
788 2421
789 2423
790 2423
791 2423
792 2427
793 2429
794 2442
795 2442
796 2442
797 2448
798 2448
799 2448
800 2448
801 2461
802 2467
803 2467
804 2467
805 2469
806 2469
807 2473
808 2484
809 2486
810 2488
811 2488
812 2492
813 2494
814 2494
815 2505
816 2505
817 2511
818 2513
819 2513
820 2513
821 2515
822 2530
823 2530
824 2530
825 2532
826 2534
827 2538
828 2538
829 2551
830 2551
831 2551
832 2555
833 2557
834 2559
835 2559
836 2570
837 2576
838 2576
839 2576
840 2576
841 2578
842 2584
843 2595
844 2595
845 2597
846 2597
847 2601
848 2601
849 2603
850 2616
851 2616
852 2620
853 2622
854 2622
855 2622
856 2622
857 2639
858 2641
859 2641
860 2641
861 2643
862 2647
863 2647
864 2658
865 2660
866 2662
867 2666
868 2666
869 2668
870 2668
871 2679
872 2683
873 2685
874 2687
875 2687
876 2687
877 2693
878 2704
879 2704
880 2704
881 2706
882 2712
883 2712
884 2712
885 2725
886 2725
887 2729
888 2729
889 2731
890 2733
891 2733
892 2748
893 2750
894 2750
895 2750
896 2750
897 2756
898 2758
899 2769
900 2769
901 2771
902 2775
903 2775
904 2775
905 2777
906 2790
907 2794
908 2794
909 2796
910 2796
911 2796
912 2800
913 2813
914 2815
915 2815
916 2815
917 2821
918 2821
919 2821
920 2832
921 2834
922 2840
923 2840
924 2840
925 2842
926 2842
927 2857
928 2857
929 2859
930 2861
931 2861
932 2865
933 2867
934 2878
935 2878
936 2878
937 2884
938 2886
939 2886
940 2886
941 2899
942 2903
943 2903
944 2903
945 2905
946 2907
947 2911
948 2922
949 2924
950 2924
951 2924
952 2928
953 2930
954 2932
955 2943
956 2943
957 2949
958 2949
959 2949
960 2949
961 2951
962 2968
963 2968
964 2968
965 2970
966 2970
967 2974
968 2974
969 2987
970 2989
971 2989
972 2993
973 2995
974 2995
975 2995
976 3006
977 3012
978 3014
979 3014
980 3014
981 3016
982 3020
983 3031
984 3031
985 3033
986 3035
987 3039
988 3039
989 3041
990 3052
991 3052
992 3056
993 3058
994 3060
995 3060
996 3060
997 3077
998 3077
999 3077
1000 3077
