0 41
1 82
2 123
3 164
4 224
5 246
6 268
7 290
8 316
9 347
10 392
11 395
12 402
13 404
14 421
15 421
16 441
17 463
18 469
19 481
20 485
21 488
22 511
23 512
24 540
25 542
26 548
27 553
28 574
29 586
30 589
31 604
32 612
33 615
34 646
35 648
36 652
37 658
38 675
39 686
40 707
41 709
42 719
43 720
44 734
45 750
46 769
47 775
48 779
49 792
50 797
51 798
52 836
53 838
54 852
55 853
56 858
57 864
58 885
59 910
60 914
61 917
62 924
63 926
64 956
65 958
66 977
67 982
68 987
69 999
70 1019
71 1020
72 1028
73 1044
74 1059
75 1061
76 1081
77 1088
78 1091
79 1102
80 1120
81 1122
82 1148
83 1149
84 1164
85 1166
86 1169
87 1188
88 1208
89 1221
90 1226
91 1228
92 1236
93 1238
94 1281
95 1282
96 1287
97 1293
98 1299
99 1310
100 1330
101 1346
102 1353
103 1355
104 1369
105 1372
106 1393
107 1398
108 1416
109 1428
110 1432
111 1433
112 1458
113 1460
114 1475
115 1490
116 1494
117 1501
118 1520
119 1532
120 1536
121 1538
122 1561
123 1562
124 1593
125 1595
126 1599
127 1604
128 1608
129 1634
130 1655
131 1657
132 1665
133 1668
134 1681
135 1682
136 1716
137 1722
138 1728
139 1739
140 1744
141 1746
142 1769
143 1784
144 1798
145 1801
146 1806
147 1812
148 1832
149 1844
150 1861
151 1862
152 1871
153 1873
154 1905
155 1906
156 1910
157 1930
158 1933
159 1945
160 1965
161 1968
162 1977
163 1978
164 2006
165 2008
166 2028
167 2033
168 2038
169 2050
170 2055
171 2070
172 2094
173 2097
174 2110
175 2112
176 2116
177 2122
178 2157
179 2168
180 2173
181 2175
182 2183
183 2184
184 2214
185 2230
186 2235
187 2241
188 2245
189 2258
190 2277
191 2278
192 2300
193 2302
194 2318
195 2319
196 2340
197 2346
198 2349
199 2374
200 2378
